134 39
-1.213948 15.139757 -7.738451 -7.542741 -2.988952 0.489785 -5.488902 4.366518 0.564253 8.383204 3.516582 7.433858 -0.708216 9.107298 0.264244 -7.895029 1.259473 -6.765541 -2.925710 -2.330303 -1.631722 -2.477704 -3.486030 2.357239 -8.130322 1.014882 6.846634 3.231012 -7.682036 -8.469951 4.927971 5.987174 14.931422 -5.853403 -3.059341 -8.201877 -8.513649 -4.448152 -4.455097 
5.444063 -2.142963 5.885114 1.698246 -0.288889 0.550931 -2.413665 5.700920 -5.971405 3.761091 -20.162186 3.748282 1.828107 6.517643 -1.151103 3.989336 -1.394436 4.697866 8.514393 1.393929 2.108378 1.092158 -2.328391 1.445934 -2.915132 7.099314 8.541294 1.017989 5.276806 -11.555967 -7.105182 -1.910965 8.355180 9.278395 3.828407 10.163799 -3.236485 -5.935194 2.357287 
3.462739 8.784000 -4.608310 -4.763429 -1.836239 4.607289 13.713205 -3.259140 0.875791 3.548755 -5.351343 9.495723 -5.033862 -6.033655 -0.700496 3.043779 2.610937 -1.435385 -5.792531 -4.742891 4.511898 -7.324891 -3.205746 2.320246 -14.477567 -1.251541 6.644478 -13.971071 -2.364409 9.438232 -2.121294 8.021707 -1.712266 -7.836955 2.724239 0.314870 1.660865 2.086155 8.358695 
8.220250 -0.311534 8.623419 -10.634594 -8.503635 0.279535 -1.800491 -2.188438 7.051688 7.560687 -1.457308 4.968068 -6.393386 6.617398 -8.574628 3.634347 1.046500 5.209330 -4.187262 0.999565 15.183553 13.478638 3.780580 -4.658041 5.326798 -5.358656 -0.227335 -5.831028 -8.654510 4.842766 5.490157 -0.742755 1.668402 6.609046 0.817421 -3.219148 -3.254714 6.754973 -4.486797 
-7.791266 -0.613351 -7.463308 5.684691 -7.412982 13.221942 0.773877 1.224263 -3.757325 7.541672 0.454056 -2.603335 -5.432883 0.163392 -4.479290 6.474438 4.682764 7.365798 6.804974 3.669841 -1.502478 -1.762369 -9.773643 2.897204 3.512489 -2.630537 1.054155 12.111551 0.308610 -5.564846 -7.672585 0.244922 12.780458 3.001241 -7.845095 -3.411875 -4.434425 -6.376875 2.607076 
1.336573 2.620865 2.485646 -4.129168 -0.093630 -10.426285 8.175644 11.294297 0.524413 2.415843 4.380889 -2.410327 -1.002689 -2.066228 8.208327 -1.497608 2.153566 -4.054080 -1.521033 7.560018 2.422463 0.979869 12.302103 7.331758 0.851071 2.672089 2.675326 -6.771669 0.392524 4.605078 -7.578109 -3.885890 -1.615363 -2.402027 -0.516366 -1.806044 2.539628 -4.610299 -0.574424 
0.386201 -1.301706 13.744707 1.767005 -1.932727 -9.341667 12.123114 -9.921747 -1.695091 -2.693278 2.756963 4.374901 -11.346896 -2.809830 5.503647 -4.668106 -5.799783 7.966815 10.570824 0.552781 -3.324034 -5.856578 4.008055 -12.776209 5.462735 -6.373608 -0.924282 -3.571598 -4.079482 10.038874 -0.854342 0.191254 4.917450 -0.762483 8.758101 1.578661 4.302672 1.304765 7.057669 
6.080179 -8.853975 3.773208 -2.647856 8.188329 -4.979531 3.013196 3.150172 -0.477002 2.854822 2.829474 5.056320 5.691006 -6.419371 8.161896 -3.475695 6.579411 -7.271646 6.402356 0.650020 19.400488 -0.618848 4.303814 6.840443 1.926552 7.471435 -1.529292 -5.387328 4.726244 1.445868 -1.288076 -3.637306 -1.245120 4.570010 -0.564674 0.890351 4.355407 -7.227973 -4.626136 
1.107198 -0.124674 7.817281 6.159294 12.615018 1.989044 10.004730 -13.455988 1.600250 -1.094568 0.823917 -2.738296 -0.949225 0.383865 7.738009 4.622047 8.774806 -9.312710 5.702862 3.804557 -3.562333 0.748453 -1.387389 3.057955 0.023119 -3.218516 -11.065697 -8.072756 9.896746 -1.135538 2.205304 8.286953 -6.889119 -4.659896 -1.853155 0.911037 6.302209 5.492962 4.583448 
1.014478 6.018010 -5.207650 -1.742754 6.988101 7.871712 13.447995 -8.043447 -8.848974 -8.633719 -2.403584 -2.322893 -2.829861 -1.352096 -12.521962 10.207467 -6.710436 -4.131055 -4.962512 -5.179725 8.682743 9.036177 4.780010 6.428442 0.751237 -1.743314 1.026129 -0.990735 -10.887062 -4.620105 6.093021 -6.006400 -6.729357 8.578929 1.283763 -7.864947 15.634372 -9.192826 -4.261342 
0.875630 -2.998315 -0.176622 2.151261 1.595204 9.304422 -8.656272 1.733923 1.777651 -1.679584 -4.562074 -1.904453 -2.033686 0.098057 -3.201396 6.984446 -5.927943 3.147321 -13.782811 -1.674466 -3.526625 -1.532866 0.084113 -6.662997 -9.904807 -2.373553 -8.332232 6.227126 -1.835595 7.754994 13.600231 -6.253468 6.752869 11.329262 -2.469785 1.657875 -0.221124 -2.040414 -2.240386 
-4.437728 7.177335 -6.960226 4.585840 12.123843 -7.642027 6.321888 -4.220752 9.979233 -5.903698 -3.087683 -1.288796 -8.101918 -2.753755 -3.216293 -6.923182 -9.017108 -7.297953 11.790242 -6.822015 -15.119269 -1.667016 0.269717 1.776862 3.155919 -4.377867 1.144761 0.208360 5.239491 -4.652630 0.826173 -10.693307 1.079898 -2.738756 0.671695 -3.059507 5.889562 6.153838 2.488483 
-2.488798 4.660223 3.006136 -7.933736 -0.917165 5.037465 4.799783 -6.185833 0.506965 -2.111289 -2.020221 -2.474247 -5.097798 -5.402657 13.807240 0.141349 2.267012 7.472581 -3.882833 -2.113695 1.101138 -0.581318 1.825054 2.172961 -0.194696 0.109783 -3.005818 -7.270366 -4.047403 -10.543163 -3.061425 -4.950516 13.306808 7.594261 12.463252 -4.720000 -8.006538 2.991023 -1.591331 
-1.969083 2.139227 -1.449797 -8.690372 3.458648 -3.952474 -0.908695 -8.320761 6.398501 -9.145160 6.339801 -9.010956 -8.472394 -5.174313 7.246193 -2.418154 7.650035 -0.229161 -0.205065 -4.899662 -3.761962 -1.224567 10.429343 10.034583 3.749401 2.861242 9.836477 6.544788 2.095404 7.008694 -0.675007 1.113175 -6.335041 -3.315845 -2.225360 8.985160 12.091999 -11.819651 2.589069 
-3.779541 1.142964 4.818963 4.412848 -2.837537 1.902566 6.832072 12.616814 3.705691 2.050910 3.350501 2.627722 4.556235 4.205713 -2.978171 -1.997338 2.484221 2.651790 -7.175352 -6.921762 6.719618 5.466590 3.379576 -6.972177 -8.508723 -4.588075 1.145842 -4.084749 -1.876108 5.834879 1.688238 5.021365 9.113903 -4.745010 -8.527386 1.122327 7.786191 1.311322 -6.656101 
-2.197264 -1.711685 -0.642029 14.238466 -5.462046 0.039118 -3.045420 -1.791645 -6.736930 -0.221880 -10.662028 8.143069 0.892709 -6.736713 2.044305 -5.295959 -7.092062 14.916859 3.832457 4.267355 4.848545 -2.901721 10.027813 3.723525 -5.319004 -1.971119 9.848112 7.694273 -5.239244 2.305263 -3.715191 -6.839451 8.035306 -8.082507 -3.063298 9.600776 -6.908532 1.353008 -1.162610 
-0.598341 3.555275 -7.176675 8.637977 4.596334 14.007607 0.828452 -2.882915 4.524165 -8.710829 7.181874 -10.083971 -4.864154 6.391853 3.480609 1.301364 4.852305 -4.903523 -0.910243 -4.531337 -0.830117 3.063448 -9.026900 0.856059 -0.593004 1.576007 -9.820182 1.407961 -5.435354 -5.507868 2.333291 -3.597415 7.641266 4.349628 -4.364897 4.592741 7.604432 -7.574018 5.097810 
-4.773951 3.273385 6.433218 2.993544 0.193812 1.929977 -10.059517 -6.564663 7.384117 7.139879 5.932059 6.123043 7.553110 -6.849986 0.202555 0.886916 1.951127 3.468299 -4.487228 -7.581242 -6.205284 1.804348 3.272291 1.521228 -0.454729 4.692375 -7.060177 -3.131082 8.916492 11.255365 16.752005 5.262583 0.701308 -1.853529 -0.731012 8.307849 2.318738 -1.258795 -4.922210 
1.084793 -1.694454 1.803399 8.781092 -4.333547 2.974451 7.565538 8.673145 -1.630647 -2.635555 -1.681436 5.391462 8.306925 10.680566 3.643553 -2.672252 4.933809 8.673089 -5.431741 -1.730070 -8.176352 2.897679 -5.407811 2.991320 -4.178765 -2.977320 -6.727554 0.735796 -6.977427 4.909183 -4.797915 9.010912 3.489168 -3.494298 -0.584552 -7.645045 -3.215108 -3.701100 7.846759 
1.678540 3.481055 -3.793903 12.588266 -0.196514 -4.272454 -0.829458 6.197951 -3.936077 -6.644377 -0.244243 -1.476168 -4.662523 7.258512 2.783760 0.869366 -13.667420 -1.332277 8.262674 -4.566263 0.314663 -5.431735 -3.841003 -3.834666 1.578024 7.677871 -5.731823 -12.356890 -3.877543 -8.771705 10.758900 -6.646733 -1.617846 -4.929434 6.585006 3.889876 4.620203 6.324975 1.276309 
7.493657 2.768025 1.138121 9.726652 1.101961 -2.731906 -5.775700 1.068042 -1.327664 -0.517231 -12.665702 12.009909 -8.378849 -8.586378 6.362773 -0.369206 -1.483446 13.732187 -1.927005 0.775530 -1.300273 4.749254 6.442497 -9.390265 -0.056390 -6.405871 8.615654 -5.074893 3.423818 5.017510 8.060392 -3.845465 -8.008431 -2.871515 -1.829226 0.659653 -2.460556 1.325912 -9.503392 
6.061518 -14.951410 -3.325418 0.356124 10.693104 -2.988710 3.146894 8.956153 -3.244028 1.340770 -2.491792 -7.265676 5.573115 0.111788 1.715232 -6.926641 -10.312237 7.251489 -9.850269 -4.008854 5.427392 -7.969354 3.603596 5.946981 0.611463 -5.538452 2.784346 -3.789890 -8.631913 0.071957 -1.314366 -4.397527 -3.527621 1.849433 0.817139 -4.835992 2.649742 -2.471664 -1.643362 
3.093394 12.481645 2.796105 0.458542 0.492378 1.143545 -1.570253 -5.223166 4.676414 1.640664 -3.889808 3.539108 -2.120885 3.062500 -6.169992 3.738881 5.961080 4.621991 12.258853 -3.012688 -3.123362 1.249862 -6.705335 -9.838388 -3.052309 -7.109064 -10.571795 -8.598811 -1.978103 -12.381303 -0.655730 -2.376185 -1.250259 1.025634 16.947905 4.830138 2.840013 -5.117549 3.810248 
-1.772146 -14.551641 -7.252489 -0.190978 2.119537 5.890013 -1.840612 5.502486 -6.482510 -7.137973 0.020219 2.106188 2.005145 -4.969406 -1.319626 -5.999612 -12.245186 -0.193813 -9.983807 4.314661 -3.198156 1.037164 -10.191776 3.393046 9.136789 9.199843 3.099596 5.758870 -4.787973 3.694820 0.754361 -0.462614 2.579962 -1.014228 -7.899244 -2.357313 6.319597 5.693858 -4.168835 
6.259172 7.078137 -3.587969 4.865690 1.076985 0.667232 0.039959 -4.915470 -5.336442 0.668648 -3.936318 0.467199 -6.072985 -3.003771 8.219295 -5.977262 -8.891222 -1.020542 -9.421292 -4.300524 11.401499 -3.384074 -7.213256 4.499056 -2.786642 10.794433 -7.464216 4.313715 7.557209 -13.188668 -3.823489 -1.857599 0.166113 -8.647107 0.026179 4.125591 1.367594 13.240664 1.545096 
-1.754865 1.992077 0.187464 7.409253 6.744164 3.145180 -3.723178 10.718421 -0.870084 -5.721885 -6.172871 -9.023149 0.766999 0.776536 -2.824660 -10.134891 4.582006 1.031809 2.280331 -3.232601 -7.557278 -1.986782 -1.195329 -6.938869 -6.975613 -21.842600 -4.021206 3.276445 -0.049314 -4.892890 2.709142 -2.662100 -0.428460 2.999954 5.895073 6.094862 -1.352186 -4.848774 -2.630808 
-14.011515 0.948338 -4.511931 4.409996 -1.234416 -5.320891 -1.152673 2.760178 5.114380 6.950779 -0.407681 -8.375774 3.037251 2.415644 0.431758 -9.753547 7.830770 -0.747626 -9.699968 -1.026813 -9.583720 5.553796 1.402245 1.004563 11.308060 -11.933877 2.617716 7.090448 7.164848 0.963057 0.718876 -4.766721 1.326886 -10.379667 -6.645150 -4.070869 2.445698 4.513606 0.398506 
1.111157 9.908818 -3.259247 0.154881 -2.148108 -2.171131 0.642687 1.594614 -0.378384 1.981826 0.032685 -0.548790 4.496643 -0.953532 -8.395076 5.769647 -6.970007 0.884389 -4.650211 4.699588 6.386193 1.988930 -3.573246 -7.532304 -1.336117 -2.458178 3.014009 2.418842 -7.989456 -4.654012 7.878098 -6.646688 8.453571 1.191217 3.832843 1.081789 3.214443 -5.217014 -10.039284 
1.148828 -2.901401 -1.436530 4.955021 1.932553 5.542997 3.556219 4.947234 -5.124907 0.183700 -6.303016 -2.934572 1.266866 -11.813541 -1.542537 4.552970 -6.045735 1.632402 7.122807 -8.132237 -13.740154 4.415920 -3.502754 1.301690 -6.136600 -2.935759 0.485746 0.396292 3.256041 -1.470472 -5.250289 -3.144335 -5.071799 4.871855 4.369430 1.773911 15.435615 -8.098447 1.981787 
1.676757 2.984543 -14.757829 0.522261 -3.914814 -9.833172 -4.548204 7.850535 3.744694 -0.144633 -5.676774 10.240776 -2.189083 12.867153 -6.058848 -4.468997 8.247349 -4.627017 -2.942878 3.330645 -4.277557 -6.768891 0.400414 -8.588376 7.056355 1.299054 11.371164 5.797407 10.940830 -4.311141 3.801077 -2.359825 7.657286 6.080738 1.514751 0.441284 -4.805944 10.291463 -6.525004 
0.723987 7.775070 4.490315 8.659225 -4.113099 2.362937 1.683924 2.997669 -3.317302 -11.334955 -0.194002 -9.484347 -7.779243 2.887041 5.907353 3.408909 1.996449 -4.093217 5.557327 -0.282617 8.051873 -6.814065 -11.223825 0.709930 -11.267628 -1.785856 4.976092 -4.295620 -4.436000 -2.131399 8.813501 11.766027 5.261338 4.249363 -4.963460 -5.562938 9.378728 -12.003771 -3.002649 
-5.661939 5.032010 -1.996925 -10.755757 -1.870725 4.935250 -1.953844 -15.553213 -4.600807 -8.589342 -6.908338 7.653927 6.423958 -5.094108 -5.416156 -1.324318 6.602314 -0.833682 -4.699456 -3.907123 -0.953733 -5.713891 -2.053963 1.012025 -8.336037 -21.696695 -1.832582 1.156567 3.334933 -6.235169 -2.400638 -3.787280 -3.284998 -2.744025 5.075022 3.029983 -12.156371 -0.481284 0.706187 
-2.797151 0.604457 3.421691 -17.230200 2.810415 0.351847 -11.697380 -9.661826 6.730689 -10.055814 -14.373388 7.247135 0.709069 -2.589798 4.820055 7.314967 6.045564 2.077311 4.483228 -6.452757 4.238650 7.044779 5.573736 -0.774162 -2.071886 10.673929 -3.698410 -0.061382 6.647023 2.741183 -1.110058 -5.536551 -3.560494 -3.447741 -7.886064 9.843475 -0.268624 -6.165812 -6.113304 
-0.076670 4.102524 -4.252828 5.152552 5.353865 2.115006 5.753840 -1.532933 -5.513270 3.696068 6.288580 4.052954 -1.645885 0.766670 -3.580222 4.749724 -8.179336 9.483963 -7.746317 -6.230417 2.553601 -1.021271 -3.658655 0.723070 -0.934817 2.228288 -9.187683 0.119998 -0.985007 0.951536 -0.449426 -8.605634 -5.294328 0.006948 -5.401907 -6.256446 -2.766684 7.923656 2.825215 
3.235712 -8.671452 -12.363685 2.283924 1.184613 11.051540 4.911116 10.996594 6.382396 0.124426 2.832685 1.077094 5.778910 -4.876747 -9.128834 -2.719928 -11.354583 -10.236682 -5.849673 2.702938 -5.121497 -0.132982 -1.701362 3.152088 7.028834 -2.523133 1.468905 -5.663186 -1.148696 1.273317 -11.845623 4.677801 -3.391921 6.054406 0.613450 3.456413 -19.969397 -0.045643 -13.598756 
-10.018770 -0.895953 6.512969 -0.424230 1.246382 4.111611 -7.111412 -3.839926 -13.560997 -7.142663 1.811577 -4.416175 -1.851809 0.065913 6.377462 2.689280 -2.068891 -11.444198 -5.015920 4.851433 -2.291732 1.229795 -6.008144 -2.767803 -3.458627 -1.415788 -7.077126 3.385403 -7.192491 2.642243 2.940655 -0.432000 0.441095 2.985530 -0.169077 -0.373263 1.478013 -12.494524 7.084028 
-2.268532 -10.976961 -5.242867 3.742114 -4.375198 -2.775975 3.431602 -1.396728 -2.537798 2.843360 -1.209738 7.144192 0.152535 1.127935 9.398549 9.119139 -10.286473 4.430556 -4.470145 4.286652 0.581080 -1.459204 8.532228 9.191014 -4.859241 -6.600814 -2.159709 1.791782 -7.695885 -5.226321 -2.179257 4.886532 -7.465263 -1.148394 3.467975 -5.737638 -8.339706 -5.300189 8.990973 
3.913649 -7.959259 -6.570161 0.835375 19.223473 -0.148070 8.914097 2.205390 -16.443016 0.008962 -13.730927 -3.585334 -2.635073 1.065249 2.686154 4.825135 4.828035 7.638014 3.120670 0.789512 4.789578 0.978836 -2.214982 5.490619 8.461849 2.848490 5.163931 -0.300577 -9.514197 3.013524 -9.124673 -4.105637 -2.523741 -6.082967 -7.264349 3.687475 19.470173 -5.375959 1.963035 
7.811665 14.186925 -1.593297 -11.130151 5.831389 13.104761 -8.222058 -1.607907 0.671697 1.160833 -11.014630 6.667423 3.528262 -5.346209 10.110966 2.238470 11.552988 -0.849466 5.673331 7.286186 -6.795979 4.492095 -2.714028 0.868921 -7.433710 16.083609 5.114958 10.778280 -4.403399 -8.507426 -8.916457 3.586411 -1.847042 -0.744275 10.912200 6.949469 -3.993598 -3.255073 -1.592234 
-7.459514 4.208104 6.381399 6.488521 8.111407 0.506901 2.316823 -1.651721 4.589918 6.428842 0.944516 9.363546 9.453170 -2.858005 7.233144 -2.757309 3.115657 3.850856 15.618462 -0.573927 3.248868 5.172399 4.196617 4.201195 -3.115281 -9.883078 9.354506 0.929861 -1.070316 -5.192903 -3.479922 3.576557 -0.151615 -6.662437 3.403081 4.792616 -3.311675 -4.029972 -8.122533 
-2.891911 -2.712032 0.962279 4.454233 -5.496145 -3.970114 4.720649 -4.956390 6.173928 5.012046 -2.285139 -0.278273 5.207631 7.758255 11.030051 12.129127 -7.229013 0.974665 -3.973294 2.164667 0.490747 1.208894 2.415398 5.657573 -3.854373 -1.993388 9.123694 -5.247623 4.485631 3.348102 4.534543 -3.126157 12.785180 -2.684355 -1.815822 -2.486353 -1.896212 -10.557300 0.976660 
-2.652495 -9.009230 -0.084881 4.755090 -5.408239 9.434605 8.549422 1.653190 -2.853930 1.791653 -1.803716 4.354214 -3.019157 -5.873565 7.951013 3.900076 3.498454 -8.871884 5.877090 5.337364 -5.051342 -0.471005 -6.702607 -7.094158 -6.499068 -3.380682 1.735507 0.279441 -1.961173 3.634370 7.091495 -1.956502 4.292389 2.462559 6.199524 -5.457602 -10.902312 -3.852682 4.952014 
3.879750 0.517852 -5.785892 2.080290 -3.471948 8.012848 7.278041 13.280302 -5.849910 -5.894129 -2.216738 1.896772 5.067780 -6.778028 0.909652 -1.070048 -0.363511 -2.407760 -3.714842 2.292092 6.780412 -4.342645 4.750353 -5.850346 -1.916700 2.376188 -3.917698 -1.768555 -2.353202 2.980736 0.567591 1.527723 -17.762547 -4.653946 9.217008 -3.052061 0.757709 3.962278 4.975640 
1.027074 -1.569088 8.147980 0.720047 -0.748397 -8.601570 -7.969573 -3.679978 3.268105 -8.000008 -2.149464 -3.656286 -13.942386 -9.378504 3.046866 -0.267209 -0.103785 -4.272534 0.488479 0.135945 -5.343364 -9.198104 -9.710752 0.247546 -2.264036 0.558462 -2.647090 2.180148 10.052843 3.506689 5.345745 -6.811214 4.676582 -1.597275 5.553565 6.374264 8.051618 -11.391415 -4.136643 
9.480822 -7.204791 2.018187 -9.293938 -1.212190 3.943329 5.521865 -0.572460 -6.197212 1.818934 1.320584 5.059746 -4.641578 -3.079007 5.976582 -2.773747 0.218289 0.469060 4.170695 4.996191 -0.205586 -4.774518 4.656592 7.481323 -2.246971 -4.930358 -13.280599 3.724212 -11.364142 17.201542 17.012604 4.896460 -7.598088 4.702382 4.726770 -16.073597 -4.875942 5.279312 7.666570 
-9.001576 1.629964 0.777434 -3.387669 -6.384861 10.825966 9.314501 1.954823 4.544916 8.087311 8.393931 -0.260802 -3.571719 2.004895 -1.212207 3.192440 -5.471265 -1.989049 3.811820 -5.912664 2.491663 -0.331665 -13.334701 3.322133 2.868220 0.974778 -9.046971 0.553264 2.988354 5.901429 8.074358 -0.338497 -1.541100 3.807454 6.524003 2.090982 3.886096 1.079576 6.937256 
-2.306359 7.441731 6.420439 3.402719 2.932376 13.847522 1.665312 -3.395148 -10.045497 2.780381 -1.257910 -1.791970 4.379378 -3.749974 2.441097 9.332031 2.314094 0.477398 16.216036 1.688097 2.168651 -5.389353 -8.774101 6.307564 -5.094121 7.393095 8.268921 -7.391574 4.476971 -4.190556 3.156725 -3.617556 -1.470770 -5.570012 3.857526 4.812990 0.932608 -6.509362 -8.376349 
-0.477847 -0.847104 -6.610521 -4.198289 0.395389 0.308746 -4.327323 -5.973419 2.126129 0.371746 -2.132234 -8.202514 -0.680966 12.453289 4.603612 -0.625769 -13.772241 -10.906940 -6.149404 1.540563 -0.035644 2.926383 -4.570386 -12.290422 6.786098 -1.412511 -12.067079 3.942436 8.907913 -4.528871 -3.584980 -4.076452 -9.081149 -4.708010 -0.433106 7.473489 7.316829 7.815879 3.294352 
6.776225 -0.669854 -2.418399 -1.852854 -2.613592 -15.495392 1.375921 -4.056975 7.525460 -0.457623 3.489908 2.401097 -6.283312 -2.894711 2.308580 -9.209596 -13.813260 -9.749191 0.921028 -1.241188 10.148748 0.566979 2.765552 -1.839721 -4.540849 2.868974 2.593807 2.657218 -4.277835 8.768053 1.282555 -3.346056 -0.617566 0.128099 3.524191 -9.953741 5.480059 -3.079156 4.953040 
-3.114230 2.276439 1.952961 10.851357 -0.856063 -6.078656 -5.336550 -1.144637 -1.732036 -9.638212 5.481391 -13.760742 -1.108445 -0.162133 9.482778 -1.666362 2.850602 -10.346373 -2.604681 -4.886999 -1.895434 -11.259788 -5.668704 1.088997 2.828288 -13.760165 0.791773 -1.405842 6.570042 0.713399 -6.630986 0.343880 10.813658 -12.415792 -0.093011 7.722515 2.006941 5.607137 8.172923 
-8.462823 8.620116 -1.518770 -2.414507 4.973197 4.596411 -2.704508 -4.028841 -0.667576 1.759067 0.268412 9.718174 -0.886796 -2.890770 1.732592 -11.895354 -12.800337 -7.680375 -2.594430 9.620234 -3.331116 -2.081792 -0.377553 6.067340 1.272687 -1.288708 -3.028179 5.656730 -7.506649 -0.625017 0.062507 -0.186723 0.088615 0.994171 -2.838696 -0.159309 -0.050416 -3.451546 3.559588 
1.199283 -3.887165 -0.551648 8.384749 4.482090 1.312510 -15.540919 -4.149247 -4.309531 4.809824 -4.480741 8.682238 -1.362515 8.402741 3.778183 -0.140223 -5.006916 2.395903 9.350900 -1.679088 -1.728343 -0.624216 -7.889958 -2.320615 -8.879750 9.846041 -1.378825 0.496413 -7.459974 -1.689735 0.824795 -0.820682 6.925027 -1.048149 -2.489552 2.864945 8.053370 -13.105721 -5.182070 
11.219316 -7.289038 1.858162 -8.421886 1.946110 5.593940 7.993500 -6.024341 5.111003 9.002023 -5.026981 10.707493 3.867167 8.228539 -4.393338 -6.388645 6.238735 17.240786 -2.857561 9.315279 4.822796 6.226836 2.891473 2.962413 -2.542251 5.408408 -3.225655 -9.354357 0.274773 -8.833322 1.903387 -8.697744 -10.511032 3.618017 2.245540 -4.322663 -5.294949 6.597477 -3.488281 
-1.779595 -5.401477 -2.139193 -4.178148 -3.953195 -4.428457 -4.197986 10.421151 1.917422 -2.323254 -5.536575 6.423771 -6.813933 2.483254 -0.178256 8.310670 -5.755805 -5.774850 0.758622 2.336748 -1.305051 4.337547 3.632538 -0.038633 -4.846309 -4.261415 8.365499 -8.395359 1.734582 1.590736 -4.771443 -1.191466 -0.156590 -6.676832 -10.756315 4.324128 -1.554970 -2.872511 0.033076 
-1.384458 7.941594 2.876002 -0.627683 3.822934 3.117920 3.651556 -2.712356 -5.162979 2.122207 -2.878337 3.241956 7.434539 -1.811765 1.409978 -2.572445 8.216599 -9.319218 9.587644 5.848264 -5.165778 -8.815297 6.683698 2.274250 -5.754967 -0.134944 0.020808 7.731632 12.626238 -1.440536 -11.413271 -7.759819 0.021448 -3.736230 0.971410 -0.559884 3.995277 2.104318 -6.823992 
5.906545 10.938963 -6.456777 4.703428 -9.083647 0.706176 2.629697 -11.189740 0.241520 -9.461042 8.292319 -2.937340 6.381447 4.029521 -4.900625 -1.284903 6.196083 9.570461 3.077429 5.118947 -6.127733 -5.985271 -0.223583 8.346941 -6.241052 2.315640 -3.914811 6.492821 -8.341892 2.240724 -1.447103 -2.400321 7.440844 -1.379533 3.803617 11.423422 2.557793 -6.513505 0.387968 
7.446877 -3.464426 -5.375937 5.628299 1.610855 -12.388265 1.902679 -2.566319 -6.730793 -1.836408 -6.006070 6.630758 -11.083961 -7.500758 7.375232 4.873076 12.889904 -1.762063 -2.111230 -2.702698 -4.253131 -3.324028 4.724957 -2.535629 -4.611696 -0.436639 -2.537593 -1.271117 4.267118 -5.788977 -8.857576 0.371160 1.269721 9.473540 3.934975 -1.857993 3.217931 10.524549 -2.072711 
-7.751861 2.515030 -1.211805 1.453289 -7.494394 -0.998047 -1.621762 -1.258359 1.311059 -5.363311 2.745428 -1.061616 0.890703 10.429961 -0.481041 -0.726888 -9.678758 -4.704233 -4.322091 -2.886839 6.679892 8.703271 6.936661 0.286753 -1.569652 -4.135506 1.811048 0.069535 6.010117 -3.657614 5.643595 -16.484873 -2.847180 3.052094 -5.798567 -2.364339 -5.148086 0.418084 -7.295719 
5.908160 5.738544 9.252104 -5.540679 -1.639222 -4.205838 -0.304960 -2.777738 -1.817481 -7.192399 2.313063 4.630331 -0.709286 6.190756 1.437721 4.877711 -1.439995 -5.391201 -1.922805 -5.883224 -7.776246 8.444798 0.780550 10.288265 -6.036986 1.323350 -5.177952 -6.199569 -11.091857 10.097205 7.386215 6.972515 -1.449195 0.144571 0.618309 1.097721 -3.562617 -17.181030 -5.568298 
3.107126 15.816384 7.405898 -12.606691 -0.694356 -5.599373 0.590026 -1.143398 -3.297709 -0.085658 8.088503 7.002287 1.574545 -1.256888 -18.180676 3.321973 7.693820 -4.677170 -0.527801 -2.927602 0.974410 -3.629005 -4.964859 11.923022 -4.414477 -5.731951 -5.007860 -5.667874 -4.947001 7.813336 12.912923 -1.952627 -7.410287 4.295102 1.583254 -2.991467 -2.989767 -9.043664 -9.873130 
10.625710 -16.233088 4.495392 -2.356079 -1.198223 0.778672 -9.020266 -0.151644 1.777685 5.870169 -1.268970 -5.772086 -0.664223 3.044602 6.516699 -6.610916 -7.375457 5.996143 0.048959 8.632464 2.957892 -5.836451 -2.676797 1.573214 -4.733010 10.439301 1.697926 -1.006995 -13.243852 -0.939972 5.234259 -2.743998 4.568800 0.096602 -5.375951 -1.402337 -0.402572 -4.454621 -13.959857 
1.378976 5.407304 -8.063700 -5.085100 -7.635997 -13.074700 6.450196 3.026560 2.280291 -10.826210 3.792308 -8.658107 -4.193785 10.261971 5.797051 -2.490602 0.231519 -4.467935 0.741108 -8.415806 0.036648 -11.767713 8.362786 6.603779 2.517506 -8.219717 -8.917996 -6.913630 -4.750754 -4.880485 0.485886 -13.091479 3.274592 -2.147815 0.958828 -4.441790 -6.585957 -1.089771 5.460739 
-6.436036 5.464316 -3.363508 6.970449 6.326614 -3.082424 -5.946393 -7.917618 -2.489417 4.167837 -5.704720 0.230326 -0.499287 1.113561 0.055200 8.917713 0.501339 -3.202040 -1.286618 3.316655 8.237225 -3.815219 -7.668372 -2.303072 1.209921 1.054894 -8.139559 -3.088831 1.196152 3.071894 12.506762 3.184500 -1.759576 8.702138 1.314058 0.548043 3.422976 -0.773255 7.781270 
1.723489 7.686727 -12.178553 -3.272433 11.161834 14.286936 -4.157979 -14.306550 4.201809 3.778459 5.199852 -5.585330 1.771239 -4.878980 3.138852 4.228681 -9.501052 7.252264 3.561229 5.761930 6.614671 -2.993223 -2.245758 -12.563588 -8.610105 3.200260 -5.360791 -14.084482 4.562545 -0.391864 0.083102 4.245388 -0.810539 7.041101 -0.735311 2.303080 -4.262346 -10.610222 -10.956995 
1.236341 10.519634 1.142649 -2.056158 7.884953 0.109027 -1.919348 -3.422836 5.457186 -9.979754 7.155634 -1.534069 1.473593 0.882457 -2.878126 -0.027192 9.041648 -1.380900 1.306855 -4.855555 4.249179 -3.957410 1.576433 3.957614 0.528155 -5.662089 1.595302 -9.400313 0.600456 -7.626778 -0.234623 8.500259 -11.074185 -3.578310 -8.395658 0.287723 2.054486 2.057363 -6.566384 
-2.474760 3.196762 -6.493736 6.749248 -3.314536 -12.320133 2.636239 7.924437 10.764916 3.868190 -3.677882 -3.729114 1.758540 1.637239 2.963059 -4.123094 -8.099034 -4.244212 -0.042324 3.190154 7.904539 -6.653885 -4.211056 -4.708319 3.041887 9.171837 -3.418815 4.783429 -2.401167 -7.471628 2.743359 -0.323289 -0.087618 -4.070265 -3.841092 -3.507257 5.823513 4.577899 6.240566 
-0.545375 -8.879063 -1.420416 12.048065 0.616924 -2.367421 5.325323 8.198043 3.361256 -1.823302 -9.256285 3.222151 -3.652428 -1.072820 0.600747 -12.342099 2.403694 -7.132366 -15.629911 5.984661 -2.102351 -5.003782 -5.952875 1.446853 1.446216 -4.821634 -0.449507 -7.882612 -2.262149 10.980840 11.483679 -8.320293 0.812078 -8.532422 6.408236 -7.924848 -8.043581 1.592435 2.221320 
-3.208569 -2.230911 -1.764865 9.770923 -1.325817 12.076148 0.819884 -0.955529 -0.494086 -1.805399 0.221311 -2.156971 -5.429160 7.411389 -1.696293 2.397579 -1.402550 -2.374726 -2.784014 0.316513 1.217417 7.383433 14.616899 11.890859 2.177129 3.618065 -4.452060 -0.069927 -5.998188 -6.543842 4.006115 10.173339 -7.652243 -2.809007 2.423639 -1.169062 10.872950 3.765264 0.050388 
-5.327126 -4.409719 -5.107922 -11.801486 -5.612264 0.584549 8.699989 -0.254000 -7.304171 6.688654 -4.106585 8.351048 -4.167408 -2.019995 5.432670 -3.527909 -6.846289 1.848118 9.844922 1.902640 4.217926 6.068406 -1.541551 2.667873 -5.118401 8.455089 6.241452 0.578508 0.205834 17.426195 4.267498 8.769964 3.143183 -1.208808 -6.332045 1.572632 10.395267 1.645095 1.902725 
-5.520765 0.983291 -4.676384 -2.890249 -16.904009 3.370989 -5.203937 -14.728752 -1.463350 -1.144467 -7.802249 4.567746 3.019038 6.880659 8.321716 8.016530 4.826214 -1.239343 6.402242 6.536887 -0.079667 4.104782 -3.971419 -0.361891 10.390432 -3.626098 10.088592 -3.462240 5.954694 -4.541901 -0.632381 -2.201228 -3.724109 -1.094922 -2.587500 -1.708879 1.792425 6.917082 6.308156 
1.078611 -2.387895 4.738592 4.859246 4.840306 -0.881730 -1.484006 6.988409 9.377807 -0.810724 -4.293358 7.094641 4.902244 6.659912 11.043489 -5.304129 -2.585733 3.737826 -3.164244 7.379177 2.568470 0.721352 -4.553323 -2.324205 -0.894339 -3.912306 0.803467 -7.782996 1.265451 -0.161511 -3.946501 6.934948 0.982191 -2.037143 3.237264 7.775594 0.438403 -9.150617 -9.730046 
9.977017 2.294391 -6.708483 -8.262164 -12.051613 -1.311953 -3.320041 -2.497453 6.388716 -4.898526 -9.996468 -5.357471 -8.137682 -6.808393 -6.553009 -0.882810 9.254130 -9.448675 -6.390226 -8.178651 -6.675679 -7.278782 -0.899142 -2.668580 2.305543 -2.300531 4.137126 -1.649041 1.906208 -1.718550 4.007862 -1.911734 4.940096 7.464488 -13.094114 -1.691283 -5.551200 -3.987010 -0.552793 
-2.564122 7.689028 -0.751902 0.466751 -13.670883 -0.304367 -7.553714 -8.362132 -3.849458 7.108866 3.401598 8.152304 3.460287 -4.363897 -7.515171 -3.490387 -14.384315 15.056237 6.714081 -7.228912 -5.293082 7.082657 -2.132344 -12.741629 4.086750 1.598534 5.575880 -4.117984 -6.661040 -0.484623 -5.695108 8.535568 -3.352084 -2.999377 6.350707 -8.387068 -4.299549 5.403677 -4.919262 
-3.222711 12.595707 1.738598 -14.901507 7.275160 4.530887 -1.154777 -5.306570 -0.901616 -12.039359 5.923001 -6.081596 -17.794716 0.326848 -0.105612 -6.741217 -5.006095 -0.204943 -2.223042 -8.594652 2.847540 10.346412 -5.943188 5.811011 3.898063 5.722589 -8.399712 1.984872 3.041632 -2.047701 -2.561789 0.582813 -2.825878 3.096226 6.203245 0.197995 -1.137038 5.434797 3.178267 
0.466079 6.573818 -13.756920 -6.257144 2.880209 -2.394708 -0.576934 7.982365 -0.696355 5.460291 -0.192458 -1.158042 2.266185 8.027078 8.050854 1.527188 -8.307355 -8.215645 2.144387 -8.291557 4.945457 -1.471426 5.550686 5.448353 -4.444268 -3.234232 -1.446168 -8.361073 -9.364182 -0.630517 9.120794 4.108987 -3.801908 0.279661 2.516618 -3.248646 -0.271391 0.217566 -3.912244 
-1.942541 -3.589273 4.573344 1.920289 -1.063074 -0.987667 -3.128419 -0.386231 -1.775603 -0.650017 -4.430124 -1.572865 0.937428 5.636631 -2.165201 0.830007 -3.375107 -4.262905 -0.782571 7.237689 -8.433852 4.945929 -3.078637 1.284209 1.530594 -4.855061 -4.233255 -3.961661 10.696771 -0.941769 3.606874 -2.196377 -3.239340 0.477507 1.975571 -6.321146 12.424922 -0.373338 4.536000 
-3.329558 4.495276 -4.359386 5.331388 10.201242 -8.601100 -1.743990 9.503016 -7.868320 -11.515398 -8.199500 -9.604943 -4.205449 3.184562 10.399732 8.144420 5.319014 -9.225828 -9.092224 -7.195984 5.366911 -1.159877 0.170853 -1.070474 -0.716410 -6.352722 1.944299 3.185893 3.276450 2.668197 7.450038 0.773672 -1.600618 5.645880 6.473232 -1.069573 -7.452005 -2.664489 -1.815002 
4.256416 -2.928420 2.564127 -4.305476 4.719576 1.584732 -2.072166 1.176905 -0.894631 1.403037 4.305751 1.750799 -5.110518 -1.059488 0.880407 3.759295 -2.085270 -7.128423 8.363684 5.063262 -3.015320 -4.579487 -2.275581 -3.921934 2.532040 1.303670 -12.923841 -1.419433 6.970335 8.851473 1.562383 4.089281 -3.764165 -1.183085 -1.624279 -2.269959 5.190051 -2.242998 4.778649 
8.813022 -6.468935 -5.919771 10.598951 4.585337 -7.026272 7.150608 -2.301349 -4.218975 0.549098 -7.936983 1.075147 5.060056 -10.373002 5.109843 5.104759 -0.272030 2.392209 -4.699800 -7.419682 -0.113050 0.014238 -0.143192 2.639038 3.537783 -3.752722 -5.102409 -3.043077 -7.267183 -8.788143 8.082026 -7.158556 -4.284764 -2.414825 -0.990259 -4.187299 3.096895 2.813063 1.787834 
1.332325 -4.161696 4.589813 8.528019 2.365075 1.933126 -3.742961 1.441570 -4.704518 -10.074253 -8.636351 4.614082 4.845541 3.865395 0.697514 3.941678 0.467121 -10.237506 0.530662 3.088032 -11.500182 8.655685 -11.160502 -5.754325 -3.602267 6.944119 7.108094 1.696374 3.490607 -9.352859 6.021220 -4.869727 2.875034 -9.218535 0.422177 -0.825524 -2.245027 -1.246751 -6.222014 
0.063260 2.322190 4.717583 9.541007 -10.294727 0.809428 8.723392 -2.623711 -9.416028 4.633421 -1.843270 -2.641890 -3.341270 -5.923673 7.127880 6.223032 -2.062209 -1.798803 7.248309 1.984371 6.654510 14.171248 -6.366746 8.924674 1.872970 -9.057873 5.781726 2.464986 -0.817077 1.431596 -3.350459 -3.213402 8.799383 -2.829916 4.777214 -1.111863 6.250103 2.933440 -5.476121 
-0.176412 1.332957 1.059321 -5.214492 -0.217003 19.989218 3.537001 -0.136273 -3.813941 -0.782258 -0.241292 -3.931427 -3.551562 -13.975977 5.622714 -4.624204 0.621077 1.948172 -3.251712 -1.904745 -11.302563 -3.647697 7.708730 3.129157 3.606805 -5.182266 0.713883 -11.439736 -1.930605 -0.151198 6.779730 0.818086 -12.067617 -3.316818 -4.626888 -1.412240 0.300519 5.381657 0.112637 
2.573379 -0.539726 -6.245259 -15.640771 0.111728 3.120020 -3.422920 1.868840 -6.177041 6.171023 -5.639762 -1.360282 -3.372656 -2.630586 6.412510 2.974763 -4.315768 3.153699 7.456293 -6.320151 -0.904640 5.575187 -1.691930 -1.103080 5.747707 8.203160 0.590683 -0.552260 9.371590 -5.709402 3.899751 4.518111 7.962758 -0.944833 3.156255 -3.893626 3.712172 -7.624028 -3.942147 
-1.420336 -1.096080 -3.428190 -8.078834 6.958396 5.353002 0.382441 3.719136 -0.481400 3.115151 6.729820 1.557517 -0.194995 -12.237286 -11.477560 8.945625 3.887704 10.136426 1.918280 -1.952503 -10.032660 2.970685 -1.641355 -5.260473 4.972230 -5.035758 -2.423810 1.638288 -3.129679 20.072502 -6.305357 -7.241207 -1.117367 2.104278 7.275434 -4.576577 1.020542 -1.391301 -6.887534 
6.474594 -7.493834 -4.429557 10.570287 -1.500332 -0.840573 -9.192367 7.944685 -11.791976 -14.379332 1.065273 -5.122955 0.465262 2.368624 6.927262 10.778094 -8.071795 -2.481231 -9.831545 -7.927443 0.232869 2.571417 14.001876 -5.565236 0.650233 -6.468769 4.123050 7.291462 1.191837 -4.859678 0.755320 2.370725 7.654556 -1.709791 -2.963270 7.232517 -0.503501 -2.037355 4.769804 
-0.038406 2.651184 -1.150827 -1.434659 7.995069 10.306285 -1.676485 6.757740 4.057371 -7.581308 -5.365174 -0.831848 2.575961 -0.974259 5.251571 8.981683 6.938694 8.270926 -5.119333 -7.234452 16.263521 -6.789835 -3.165691 7.815535 -14.496771 3.495638 -17.128553 -3.419930 0.358044 -7.736495 -5.278687 0.776998 -3.470836 -1.642360 3.582399 -2.220669 -1.213278 -9.898081 -11.894550 
-6.538550 -1.769615 -6.404176 2.736230 -1.902128 4.190887 5.132170 -1.671252 6.344659 -2.072034 -7.415335 4.281655 -0.911052 2.003289 0.442322 -1.254277 1.674476 1.120177 -2.959957 0.364344 5.969415 -2.467721 6.923520 6.337408 5.359476 -7.436359 3.691407 6.076717 3.381919 4.909396 0.486036 -11.145131 7.578620 5.100181 -3.300072 3.488389 -1.797462 -3.857301 -5.012087 
1.069058 1.549499 3.479424 20.488682 2.564185 3.185697 2.692438 -0.905191 -4.150217 -2.216359 -3.402661 -0.840736 -3.072016 -7.219004 1.391641 -0.892588 2.019943 7.077289 -1.516056 3.975954 -1.651978 -5.343365 -7.415200 0.798698 -3.775968 6.674210 3.786061 -5.220642 -5.571044 4.999352 3.256691 -6.590565 9.315558 6.689639 -2.531036 -3.977161 -0.821704 1.296749 -5.817609 
2.469018 10.016023 -16.621782 3.216383 -4.213592 3.035293 -1.353569 -4.068178 3.372066 -1.641062 -0.366463 -3.770355 2.377487 -2.894563 -11.039798 5.037857 -2.678339 3.262359 -2.457286 4.427005 -2.863114 -0.265010 -7.917217 1.591002 14.840191 -7.459330 0.275358 2.266581 -2.558607 -7.741420 3.198816 -10.445449 -1.372516 6.488018 4.976796 -9.755368 12.220600 -1.615072 11.545271 
-8.561669 -2.413372 8.296019 3.191822 4.735377 -14.068101 3.917748 -8.848126 8.113258 -2.383927 10.166283 -14.681373 9.439957 -1.369757 -1.726538 -4.821663 5.450335 -8.721241 0.205007 6.786047 -4.064559 -7.912082 -5.365415 11.493257 9.472333 -10.960171 -4.090638 1.808784 6.541071 -1.787524 2.376274 -2.083042 6.113700 -0.253534 -10.238687 -1.562370 6.489110 -0.615221 -11.257003 
2.778973 1.759751 -3.552903 -0.297496 -2.779744 -2.705286 -8.882496 1.807167 2.441722 12.280594 -0.000122 -2.742704 0.027029 4.050833 -9.496254 2.466949 -1.958668 1.618175 -1.740959 5.939096 -0.778774 10.732256 4.259699 -1.016042 -2.036735 1.211858 -4.813371 0.432971 10.031874 6.301923 -0.089640 4.022738 -4.921941 -4.241450 -4.599857 0.524557 3.325073 9.693859 -6.192290 
-2.640689 4.135495 9.320528 0.705221 -3.610411 2.856015 -4.231390 0.844870 -7.240827 4.831029 0.903194 1.696259 -8.052240 3.125777 -0.347635 11.279989 6.438395 5.054387 0.877900 0.865681 3.483651 -1.094271 8.429556 1.364225 5.199821 11.173219 0.172918 -2.539746 -13.655224 11.434613 -11.996366 5.029718 -0.338967 -5.565377 1.999145 -0.673777 5.396588 8.521908 -2.576067 
-4.023797 3.546805 -4.321248 7.107490 1.260028 3.819596 -2.057472 -0.875588 0.798009 -3.140185 1.483786 -11.366738 7.945550 -7.500147 4.707436 -7.342080 0.371980 -11.470219 -5.903951 5.720254 5.678128 -1.807785 -2.718741 1.136380 -1.016347 3.070264 9.600296 -8.249248 14.335686 1.999740 -4.736138 -5.877974 5.109438 9.276189 -1.210703 5.291575 -2.204457 4.141062 3.298197 
3.212771 -7.473201 4.922455 1.673307 1.468860 8.407134 -1.944678 -1.930121 -2.451292 2.741808 -1.167986 2.234581 -0.244277 -2.995724 0.191367 -2.254480 1.308360 -2.895556 -5.412385 -8.728868 5.438597 -5.824051 0.717216 -2.567325 1.660462 -2.916906 -9.886802 -0.954577 3.305641 -2.439010 -4.731333 -4.264039 2.500402 3.572369 -11.620483 -6.426836 8.497903 2.551613 6.196913 
5.403528 4.922857 -2.994954 -2.378781 11.285268 -0.264207 -5.418827 1.356618 -8.427752 -0.147153 4.370882 -4.758603 -0.288061 6.795274 -1.012401 -4.187550 10.101240 8.380456 9.570642 0.036790 -6.063825 -2.427528 -7.764651 -0.531766 -3.350795 5.344549 -8.198994 -1.459767 -7.170923 -2.613602 1.798921 2.550093 -8.583600 -3.450225 -8.558004 -2.352117 -10.384171 6.151898 1.230349 
-0.839063 4.783988 13.596205 -15.956529 6.146015 -2.777836 0.407305 2.066169 3.502802 2.347120 1.721154 -2.212129 0.471010 -4.723350 8.531829 9.414520 1.095045 4.026110 19.968349 -2.150903 7.028842 -1.362801 -0.517770 -10.425685 -5.632474 3.192489 -3.878804 -12.868711 0.517142 -3.906419 1.724757 -1.851979 1.902195 9.227942 -4.792000 -10.406791 -7.714118 1.308429 0.561602 
-0.429519 0.431111 10.407000 1.987838 5.359513 1.094149 4.885962 -0.778211 1.575242 8.417787 -1.122902 9.149323 6.680601 2.665821 -4.767740 1.391580 -0.047282 3.237285 10.944522 3.964537 4.690037 1.386896 -2.311362 2.859490 -1.696305 -3.313063 -2.591053 1.385649 2.677232 -0.494599 -3.340507 4.260884 -0.339855 -9.127540 -0.842625 -0.300046 0.413858 -6.485568 16.292221 
9.507836 -4.799073 -2.674345 1.309741 -5.844895 3.823768 -0.761763 6.067458 3.095455 8.008419 0.803441 5.341558 18.561279 -8.548740 -6.998330 -11.867245 -1.934952 2.491030 0.178781 -7.549798 5.316268 -2.028494 -6.473905 3.939096 -2.762469 -6.979764 -1.679229 3.548624 2.549424 -6.006348 6.998975 -10.402819 1.754574 2.715868 1.961654 1.960976 1.394257 -10.589526 -2.560335 
-4.538649 -2.865203 2.268718 -4.612914 4.840248 2.189301 -0.025252 7.118497 -11.188138 8.638622 -1.652433 3.082818 6.049166 2.942706 -4.028458 -3.071209 2.009161 1.127160 3.628775 -6.000917 -1.599972 -4.810606 6.288908 -8.075583 0.927431 -5.326521 -1.739193 -8.090239 1.474831 7.357366 -11.389235 -8.319218 14.937298 -6.574442 -4.967668 -2.578720 -7.224593 2.564247 -3.275651 
0.316333 -5.946150 -5.696607 -13.856887 0.386555 6.323205 9.578440 6.693149 1.703155 1.978480 -2.468995 6.048276 -3.665891 0.399946 -1.009017 7.413855 -4.536257 -2.357600 0.244614 5.627282 3.985656 6.047272 -4.125006 2.253932 5.058710 -1.834857 -2.058554 -0.914430 15.249281 -6.203315 1.174346 1.594442 4.245597 2.505744 -8.280912 0.076538 -4.660402 -2.907721 -3.745184 
-9.537427 -1.861429 3.161466 -1.509914 -14.292232 5.641923 -3.251213 -9.323511 6.103010 4.688800 11.907387 11.801101 -2.974699 -4.830279 3.182738 5.970137 -11.577298 -7.087375 8.676050 -2.786971 4.813144 4.916964 1.716225 -0.424135 -6.356300 3.925881 -8.106385 -1.099985 9.711535 -2.496019 4.326552 4.237451 0.664202 -1.561419 6.148952 4.366909 3.671419 -5.579459 5.047229 
0.527083 2.573978 -13.634277 -11.440057 3.872201 -4.384618 11.529312 2.104314 12.684141 -10.250266 6.891319 2.214823 8.911658 -7.946133 2.972671 0.512426 -2.832872 -6.151021 0.279141 -6.399756 6.576702 2.865231 4.458861 -12.695268 -7.555848 7.337013 -1.796973 -1.107196 -12.184639 -2.652049 4.883809 1.131187 8.394577 4.875828 -0.533166 -10.149214 -0.665577 -0.557758 -5.057752 
-0.790877 0.429390 3.211337 -0.648513 5.467091 3.156401 4.764082 4.832348 -0.256084 1.359568 -10.877143 1.953487 -6.099026 -3.448207 -6.265045 5.221296 -7.103567 -1.479441 -6.492312 -0.768442 11.689694 1.522009 0.286098 -1.287862 -0.962770 3.841537 -3.757932 0.166623 0.470959 11.815385 10.928641 -3.957432 -10.663198 -3.760625 -0.830339 -6.984986 2.611945 13.880017 2.609066 
-5.708398 0.521629 1.756636 -1.605577 1.572501 -0.435330 -0.262482 6.743831 -1.582304 0.881577 10.051744 4.250435 -8.826049 -2.816468 4.722606 5.596431 4.962300 -9.518394 -3.459624 -0.609739 2.786993 -5.017960 9.776493 0.868026 7.138900 -6.951210 3.910117 5.906798 -0.036025 2.673863 6.379031 5.391186 6.403609 -1.009242 3.879132 -7.528471 -2.443656 -3.911306 -1.641127 
2.735347 10.389375 0.768027 0.995669 -4.568496 -0.509683 -3.407479 1.629051 -0.869293 4.084078 7.588866 0.300370 -2.006388 -6.426879 0.015099 -0.234631 -5.623526 1.139038 3.526303 3.868512 -2.271934 -3.323712 2.098409 -6.099457 -12.076429 0.441937 8.543219 4.845065 5.652691 -1.941362 -2.973737 3.431238 -5.881059 0.586349 3.963240 -0.745794 -13.068562 6.371703 -3.551918 
-1.242119 1.526979 3.394259 -0.463725 -6.278928 4.434608 10.492476 0.411344 -0.449424 -2.476328 3.172765 -0.306241 2.152699 4.270090 5.032815 8.816431 -1.781972 1.457249 -3.451417 14.785237 3.552040 -2.770780 3.702317 9.472890 0.374913 -13.388010 -8.200921 0.201822 -5.465178 -14.761341 5.943520 1.263208 0.662217 4.737717 5.836151 -1.686636 -0.899141 -6.778756 -3.999039 
-2.766895 0.414541 -4.628852 4.009194 7.854630 0.062438 -7.129105 -2.890282 5.230448 2.559024 -1.489409 -8.074761 -0.840155 1.441040 0.825247 10.558408 -9.063484 4.714959 3.685683 -4.283940 -6.420784 7.180229 2.973462 1.197562 -2.076566 -4.860867 7.790012 -7.849579 16.517838 5.982743 -1.639975 -13.698951 -0.134959 0.087838 -8.922996 3.165274 12.857746 -3.838888 -7.231111 
-0.649526 1.433117 -4.046594 -0.079893 -3.398381 -0.160905 4.254098 0.220128 7.000698 -3.431167 5.670342 0.290817 -10.492352 -7.638387 -2.036446 -6.201480 -2.003863 -0.368545 3.440003 -5.737999 1.806968 5.549450 6.616072 2.770615 0.641053 2.847202 -2.800669 -8.655173 13.632255 -7.809816 6.101858 3.649110 -5.043571 -9.445470 1.582026 1.033185 -4.359050 -3.816085 -1.127442 
2.073253 8.520035 -3.726181 -3.019050 -1.351213 5.053328 -6.749548 2.053846 0.617052 -0.284667 4.728168 -2.948214 -1.912141 -3.325581 -3.108955 2.077706 -2.553483 3.751984 -13.796395 6.784563 11.675920 5.869310 2.855070 -2.815306 8.185348 6.389432 -1.341358 -4.487759 -6.953901 8.434648 -5.858643 -5.535404 1.676473 5.194477 1.879744 -2.432692 8.194011 -2.415592 -6.989198 
0.187722 -7.148894 -3.434498 -6.782272 0.579738 -1.256909 3.012325 -3.365711 8.374132 3.161937 -0.732956 -1.698072 6.130870 -2.457631 2.583085 1.804698 1.800158 -9.761649 -7.242346 -0.930729 6.373124 0.558553 2.083537 -5.292119 -2.215851 0.740000 -2.033318 -1.922466 1.192059 -7.478484 8.753556 2.083323 6.315744 4.291817 -9.533959 -7.907367 -6.097749 5.571518 -3.194395 
-10.257538 2.351595 1.897236 -4.310224 0.277920 -3.778990 -0.947042 -12.488842 3.459883 2.503194 14.514421 -2.758654 -10.319264 0.188438 -8.928386 1.212815 -8.447106 -6.146718 -8.177494 0.912052 -4.149936 4.684453 -4.418296 3.916483 4.453340 1.210460 -0.635172 -1.545751 20.423895 0.237604 -8.397275 -1.460036 -0.404940 0.101696 9.565989 -3.746732 8.498365 9.762605 0.412132 
-3.598269 -3.200194 -1.455005 4.316601 5.835708 1.479766 -0.095703 -5.516500 6.694903 9.289914 -3.576758 -1.458207 -4.046044 10.554107 -10.118120 -10.533277 12.413193 -9.957704 -4.257946 10.429431 -8.876283 -1.615960 0.163395 7.429620 2.556900 3.152463 10.223368 5.519941 8.589813 1.787923 -4.704319 5.921735 0.019564 4.281019 -1.464871 5.702355 4.898887 5.249201 5.285491 
5.499569 -2.781371 -4.322793 4.878896 -2.138692 7.546879 5.443951 0.301937 1.453398 -3.517322 -0.843686 -10.226845 2.348041 4.654891 -2.024334 1.690354 0.987712 3.270566 1.723050 -0.617892 -0.946274 9.738059 2.208164 -5.453504 -4.961472 -6.694654 1.385241 1.411362 1.128723 -4.140351 -4.942133 -0.649228 2.790220 -1.334589 1.336430 4.641922 -5.824845 -2.763746 2.354231 
-0.087961 -4.748152 3.352378 -3.547248 0.743905 -12.220050 -4.237871 -5.062981 -9.113053 -6.535238 3.898015 -0.214688 1.704036 -1.056281 -2.409988 17.461571 2.158952 -2.747037 8.847025 10.638742 -4.095661 -0.377455 -0.736780 3.044210 -3.440719 -0.672625 3.977364 0.288997 6.848423 -6.219126 -1.446104 -11.666974 -2.487049 7.917050 6.206123 -0.020545 -1.559892 5.325534 4.763440 
-3.133684 1.239712 -2.499922 -3.349567 4.542062 13.717559 2.757533 -4.102942 -3.987444 6.994959 0.072996 -0.631332 9.642507 2.657404 -1.687746 -0.184429 14.722885 -0.293505 -2.906921 -3.047531 3.848220 -10.108140 6.502189 -5.332300 10.998571 -6.603158 -5.336023 10.152331 1.842184 -11.512794 -5.219634 0.834986 -0.111073 -1.361648 10.913415 -2.387245 4.647141 2.739469 -5.420553 
5.256238 0.495607 -9.268487 -2.401900 -6.561576 -4.334460 4.753636 9.720336 -2.638134 -7.653178 4.265266 7.480516 -8.441973 5.872404 -11.129476 -2.305976 -5.035241 -5.026564 1.143440 -7.636351 1.118552 -4.055779 0.666667 -1.525242 -1.579054 11.888682 0.211327 12.664960 -3.843161 10.935886 -6.974617 -7.189267 22.517536 -3.230487 -2.939972 -3.830933 -3.151442 -4.699147 2.459370 
0.768431 -5.472854 2.582996 1.493215 -0.426615 7.045242 -4.049164 -3.384231 5.515254 -15.000600 4.131242 1.098637 -9.903386 4.023328 0.916247 -5.834980 -7.001763 -16.803225 -11.375132 -7.718530 7.997406 2.816597 0.789094 -3.527470 -1.042153 -0.782445 16.812302 4.774801 7.766816 -1.103389 1.058574 -9.516483 5.698107 -5.089578 2.553968 -1.732694 0.614748 0.452764 -2.279911 
0.541852 -5.125139 -5.649444 -2.036393 6.380238 0.998884 -1.893735 1.297221 -2.691474 5.408948 -5.789999 -0.981834 4.306824 5.183702 -8.992421 0.900175 -5.972903 5.607401 2.208578 -3.120009 1.161285 -5.406471 2.677372 -1.276432 -0.642134 0.479987 -3.590985 2.598736 -9.463549 6.802640 -0.690053 0.503786 -7.068048 -1.255394 6.747881 0.671619 4.079687 8.188034 -12.211965 
6.299099 11.772482 3.775791 2.014577 4.683598 -6.444373 9.222692 6.103641 0.695231 -6.209479 0.168753 -0.515590 -12.099493 -12.399985 -1.487369 2.062797 2.474560 -1.183751 3.273535 -7.489083 -2.833830 0.359133 1.960787 -2.377649 -7.151313 7.818707 5.812222 -4.106935 -1.807932 6.590596 5.316147 5.475499 4.421579 1.119556 -2.076136 -0.447579 1.699621 0.644722 -6.631072 
5.824947 1.005046 -10.216267 4.850411 0.683649 9.834676 1.672836 -2.035439 -6.452814 6.544299 -0.059669 4.473234 -7.183942 -3.461915 7.467401 12.384137 7.972183 -11.133376 -4.849625 -1.426358 -0.288916 4.542275 -1.212873 7.026562 -0.034623 3.793627 3.541450 6.365106 0.108380 -4.540717 -1.099976 -2.325035 0.643615 -1.301213 -1.239873 2.746855 3.525292 -1.626529 -5.066866 
-5.162372 1.024299 -3.062600 -5.613581 -2.132189 2.924577 -1.890711 -6.136927 -2.590589 3.500963 8.501379 1.003770 6.077383 -0.868775 4.603213 -2.768118 -6.848102 -0.146111 -3.394920 2.094218 -1.072379 7.742402 9.451830 -2.398149 -3.599280 -3.904002 3.530322 2.044147 14.462715 2.204333 -5.546805 0.154249 2.400129 0.295329 1.102553 2.559199 11.579868 -1.064767 -3.126853 
2.162878 -7.792867 -2.174495 -0.076913 -2.555216 -7.191289 -4.001361 -1.075217 -1.329035 -5.166201 -6.991287 -1.263530 1.853671 4.902530 1.108809 0.567085 0.179700 -1.376618 -2.954396 0.633379 -13.375483 -9.552841 -1.711225 1.212939 -1.842749 -6.294684 -4.486082 6.031360 4.719090 4.694991 -4.376743 -0.603581 -8.399463 -1.134682 5.335851 7.480346 -3.897115 -0.599285 8.101555 
2.371354 3.503744 1.139745 -5.796155 0.631586 -2.074045 -6.853814 4.051193 5.580798 3.123021 -4.657815 7.708566 1.386860 -5.977428 -9.549187 6.355897 -9.757942 11.976784 -2.068194 -2.955887 5.534891 3.489393 -3.077581 -1.670888 -6.946930 3.566807 1.739422 -9.228705 -3.581061 13.257752 -3.806928 -4.299911 7.079285 4.103810 6.964944 -4.464978 -5.026489 4.145185 1.777809 
4.089478 -1.280255 1.070027 11.218166 9.197425 -4.319432 2.763930 -8.625433 7.860169 -4.273384 13.433151 2.180677 8.121794 2.934614 2.042905 3.583662 -5.270318 4.691993 3.632390 -5.122619 1.940284 3.663994 2.198119 0.526155 -4.346539 2.785037 1.139640 -7.775064 4.616288 -2.253371 -6.932799 4.378834 13.525039 11.005930 -0.547613 2.493845 5.400326 1.747137 -5.511462 
4.505202 2.143621 -0.302154 -1.270377 -4.592299 1.512095 2.544682 5.127615 1.437097 3.326243 2.901386 15.732409 -6.802253 7.773928 1.717779 3.069845 1.698330 -1.932823 2.630932 6.782221 0.926138 0.874991 5.200002 -6.911774 -0.466945 -1.258147 6.041382 4.453202 0.706442 6.985535 -6.395584 4.151968 -5.379706 6.607490 -2.695989 -0.319204 -7.687149 0.754081 2.168467 
-9.434180 -6.760321 0.567780 6.484487 -3.002865 5.671315 -5.009922 3.556352 -2.580257 -5.231193 -10.911497 5.292475 -6.054426 1.173485 3.260382 -6.042585 -0.252246 5.085820 -0.211476 12.911600 0.403869 -2.615764 2.840833 0.803138 1.285653 -2.349000 0.336875 9.190563 2.670694 6.339170 4.672247 -4.246289 2.642918 9.811060 -7.329180 -1.030066 5.521145 -1.562040 1.703851 
-1.420007 8.427585 -2.003558 4.905486 -5.149739 6.498160 1.291871 3.106157 1.725608 -0.153929 -3.882930 -2.976024 1.905660 -0.573294 3.921865 6.621816 0.042355 1.224707 -5.779971 -0.954465 -5.863818 4.080459 0.200665 -5.832097 -1.001152 10.376315 3.846803 -4.018301 0.193740 -3.131038 -4.682973 -5.882780 7.931059 2.634862 0.355308 -0.117819 0.440943 -3.530382 -2.010914 
-6.740068 3.157609 -4.076926 11.787931 -8.856378 -6.542834 13.257790 -8.109622 -0.958224 2.572458 -0.349443 -1.659656 -11.748735 5.859313 4.138458 5.347358 -5.383480 -12.439912 -6.958307 -7.167703 -0.908517 -2.688442 -0.654740 -3.008274 -1.891964 -0.231524 -2.991657 -4.542503 6.808860 -10.303679 8.956957 -0.224997 2.854858 -4.434462 -7.996142 7.549095 0.901261 2.290074 -3.693347 
10.076971 6.129020 -3.541740 4.723986 -6.258104 0.126508 0.936289 2.621293 3.058635 4.504311 -15.054188 -0.042715 3.737035 -1.809803 7.019229 -4.233428 -4.042046 -1.439685 -1.914967 -3.710906 0.905727 -17.923401 5.516082 -3.194912 4.483602 3.586029 2.020534 -1.812668 -5.603658 4.761880 1.680662 7.977343 -3.269861 -2.143120 -6.095766 3.001151 -1.913195 2.251070 10.189987 
-5.499197 -1.692136 -4.300432 -4.013708 4.756998 -0.345119 10.820001 10.313350 10.853482 -5.261358 -3.264919 4.649452 7.020315 -2.952758 -9.277783 -12.594366 2.646868 -1.742370 -9.439110 -0.417681 8.126697 12.922779 0.920417 -7.756225 -4.124213 -0.652266 -3.964863 -0.341993 5.251472 2.667430 -1.871258 10.844968 8.945660 1.478914 -3.476176 -5.784881 -5.008065 6.704950 1.340149 
-1.715180 1.977334 6.851807 14.904272 1.800652 -3.520783 -3.114643 -3.572254 -2.813212 17.694298 2.775578 -3.053684 2.338176 2.224880 -7.624648 -7.928961 1.489813 -1.773260 -10.379240 -9.769792 1.675958 -0.941209 4.281323 4.315563 -0.811689 -1.239019 1.520886 1.289334 -4.195247 11.225495 1.381207 -0.887263 8.848793 -3.542956 -4.938356 1.983657 2.839795 -0.943362 3.449299 
4.729793 5.022249 3.219913 6.554081 4.555741 4.128915 -6.574707 4.026193 -0.526142 2.419070 -1.771162 -5.681491 4.017836 -7.388886 8.852321 5.951995 -8.610792 -11.301009 -6.835091 -10.370631 5.382406 -7.769118 2.089948 -3.884700 -5.270914 -1.515200 2.896663 -6.388384 12.104203 -2.400296 7.383602 -5.927900 6.311142 -3.320144 -0.776967 2.640569 5.969862 -15.466075 -4.836847 
8.717962 1.722621 -6.492614 3.186416 1.223676 -4.877156 3.917391 -14.952546 1.186473 4.005826 12.262680 -1.547101 -1.414812 -5.936975 4.412436 -9.126575 8.134508 3.323110 -6.644028 4.985128 7.035200 4.583923 -0.058591 5.527236 1.199757 2.240195 -8.030696 -10.178207 -4.986351 7.173264 10.461761 2.112108 -0.997538 -10.779035 -4.072869 -4.941523 -3.384053 3.837827 0.332190 
7.780290 6.356946 -7.519038 -2.597995 -0.315387 3.829996 7.889676 1.133124 4.455348 -8.330112 8.292113 -2.562610 -8.134051 0.305988 1.508500 -7.602830 8.001678 -7.754484 -4.635186 -4.680864 3.157605 -7.057480 11.103677 -1.202843 2.331320 -1.846375 -9.455005 -5.530868 2.960867 1.825960 3.441877 -1.020841 9.780715 -2.625664 0.013203 4.421533 3.891876 2.090199 2.587591 
